c1 = cos(0/180*pi);
s1 = sin(0/180*pi);
Tsig1 = [c1^2,s1^2,2*c1*s1;s1^2,c1^2,-2*c1*s1;-c1*s1,c1*s1,(c1^2-s1^2)];
Teta1 = [c1^2,s1^2,c1*s1;s1^2,c1^2,-c1*s1;-2*c1*s1,2*c1*s1,(c1^2-s1^2)];
c2 = cos(90/180*pi);
s2= sin(-90/180*pi);
Tsig2 = [c2^2,s2^2,2*c2*s2;s2^2,c2^2,-2*c2*s2;-c2*s2,c2*s2,(c2^2-s2^2)];
Teta2 = [c2^2,s2^2,c2*s2;s2^2,c2^2,-c2*s2;-2*c2*s2,2*c2*s2,(c2^2-s2^2)];
Q = [150 3 0;3 10 0;0 0 4];
Q1 = Tsig1^(-1)*Q*Teta1;
Q2 = Tsig2^(-1)*Q*Teta2;

etaMatrix = [-0.00076;0.0203;-0.00117];
sig = Q*etaMatrix;