m = 72;
g = 9.81;
rho = 1.2;
A = 0.42;
cd = 0.089;
mi = 0.00082;
R = 0.22;